Beat1,Beat2,Correlation
111,111,1
2132,2123,0.701808236
2123,2132,0.701808236
2311,2123,0.6851234
2123,2311,0.6851234
2311,2132,0.684973062
2132,2311,0.684973062
2324,2331,0.683263983
2331,2324,0.683263983
2331,2332,0.669292534
2332,2331,0.669292534
2123,2124,0.665205742
2124,2123,0.665205742
2331,2123,0.657091161
2123,2331,0.657091161
2324,2123,0.655234848
2123,2324,0.655234848
2324,2124,0.653585458
2124,2324,0.653585458
2311,2124,0.651819221
2124,2311,0.651819221
2122,2123,0.650077388
2123,2122,0.650077388
2331,2333,0.644064216
2333,2331,0.644064216
2122,2124,0.643246779
2124,2122,0.643246779
2132,2124,0.639897711
2124,2132,0.639897711
2311,2324,0.639596378
2324,2311,0.639596378
2332,2311,0.638644356
2311,2332,0.638644356
2333,2123,0.638248182
2123,2333,0.638248182
2312,2311,0.63738578
2311,2312,0.63738578
2131,2324,0.63717933
2324,2131,0.63717933
2311,2131,0.636518684
2131,2311,0.636518684
2132,2324,0.63142504
2324,2132,0.63142504
2312,2123,0.631154171
2123,2312,0.631154171
2332,2123,0.630598384
2123,2332,0.630598384
1313,1323,0.627398694
1323,1313,0.627398694
2131,2312,0.62620607
2312,2131,0.62620607
2331,2124,0.625365815
2124,2331,0.625365815
2332,2124,0.62279087
2124,2332,0.62279087
2312,2132,0.621297713
2132,2312,0.621297713
2331,2311,0.617380856
2311,2331,0.617380856
2311,2333,0.616466407
2333,2311,0.616466407
2311,2313,0.615652748
2313,2311,0.615652748
1323,1331,0.614282759
1331,1323,0.614282759
2324,2122,0.613870918
2122,2324,0.613870918
2124,2312,0.613511598
2312,2124,0.613511598
2132,2331,0.613296904
2331,2132,0.613296904
2332,2132,0.611936793
2132,2332,0.611936793
2131,2123,0.61124573
2123,2131,0.61124573
2132,2333,0.609876199
2333,2132,0.609876199
2124,2333,0.608529283
2333,2124,0.608529283
2122,2132,0.608338032
2132,2122,0.608338032
2332,2324,0.608109983
2324,2332,0.608109983
2311,2122,0.607641781
2122,2311,0.607641781
2123,2113,0.606030354
2113,2123,0.606030354
2112,2311,0.605592733
2311,2112,0.605592733
2313,2132,0.605115526
2132,2313,0.605115526
2132,2131,0.604657457
2131,2132,0.604657457
2131,2331,0.603149366
2331,2131,0.603149366
1324,1323,0.601825376
1323,1324,0.601825376
1311,1323,0.601365227
1323,1311,0.601365227
2122,2332,0.601245909
2332,2122,0.601245909
2123,2111,0.600572951
2111,2123,0.600572951
2132,2112,0.599791447
2112,2132,0.599791447
2323,2331,0.599759842
2331,2323,0.599759842
2122,2333,0.598739371
2333,2122,0.598739371
2311,2111,0.597776585
2111,2311,0.597776585
2124,2313,0.596927465
2313,2124,0.596927465
2122,2331,0.59621225
2331,2122,0.59621225
2324,2313,0.595295359
2313,2324,0.595295359
2131,2111,0.593167157
2111,2131,0.593167157
2122,2312,0.590762293
2312,2122,0.590762293
2124,2131,0.590182514
2131,2124,0.590182514
2333,2131,0.589948932
2131,2333,0.589948932
2332,2333,0.589069156
2333,2332,0.589069156
2123,2313,0.587235446
2313,2123,0.587235446
2122,2131,0.584650722
2131,2122,0.584650722
2113,2311,0.582591096
2311,2113,0.582591096
2131,2332,0.581821819
2332,2131,0.581821819
2123,2112,0.581064981
2112,2123,0.581064981
2333,2324,0.580268257
2324,2333,0.580268257
1323,1312,0.579400157
1312,1323,0.579400157
2312,2113,0.579117453
2113,2312,0.579117453
2323,2122,0.577351702
2122,2323,0.577351702
2123,2322,0.576635689
2322,2123,0.576635689
2111,2124,0.576595819
2124,2111,0.576595819
2312,2332,0.575840045
2332,2312,0.575840045
2323,2324,0.574594077
2324,2323,0.574594077
1331,1313,0.573259055
1313,1331,0.573259055
2323,2311,0.572986709
2311,2323,0.572986709
1312,1311,0.571198896
1311,1312,0.571198896
1312,1324,0.569789395
1324,1312,0.569789395
2132,2113,0.569647743
2113,2132,0.569647743
1311,1331,0.568774976
1331,1311,0.568774976
1313,1311,0.568762128
1311,1313,0.568762128
1324,1331,0.568138841
1331,1324,0.568138841
2124,2322,0.5675782
2322,2124,0.5675782
1332,1331,0.567057422
1331,1332,0.567057422
2313,2333,0.566699817
2333,2313,0.566699817
2313,2113,0.565162057
2113,2313,0.565162057
2123,2323,0.563969028
2323,2123,0.563969028
2122,2313,0.563834118
2313,2122,0.563834118
2331,2111,0.563295137
2111,2331,0.563295137
1324,1313,0.563020031
1313,1324,0.563020031
2322,2311,0.561811975
2311,2322,0.561811975
132,2311,0.56062011
2311,132,0.56062011
2132,2133,0.560109164
2133,2132,0.560109164
2131,2323,0.559158007
2323,2131,0.559158007
1311,1324,0.558400163
1324,1311,0.558400163
2331,2312,0.558139926
2312,2331,0.558139926
1323,1333,0.558082123
1333,1323,0.558082123
2112,2312,0.556693883
2312,2112,0.556693883
2123,2133,0.5544786
2133,2123,0.5544786
2112,2124,0.553585133
2124,2112,0.553585133
2131,2133,0.553576837
2133,2131,0.553576837
2113,2124,0.552373952
2124,2113,0.552373952
2111,2132,0.5519928
2132,2111,0.5519928
2312,2333,0.551690121
2333,2312,0.551690121
1312,1331,0.550445843
1331,1312,0.550445843
2324,2312,0.549926857
2312,2324,0.549926857
2313,2312,0.549758495
2312,2313,0.549758495
2132,2322,0.549234686
2322,2132,0.549234686
2133,2124,0.54812713
2124,2133,0.54812713
1332,1323,0.547797013
1323,1332,0.547797013
2311,2133,0.547793486
2133,2311,0.547793486
2111,2312,0.547569719
2312,2111,0.547569719
134,2311,0.546386656
2311,134,0.546386656
1311,1332,0.546062366
1332,1311,0.546062366
2113,2131,0.545679625
2131,2113,0.545679625
2123,132,0.543458393
132,2123,0.543458393
2323,2332,0.543209202
2332,2323,0.543209202
2332,2111,0.543209128
2111,2332,0.543209128
2313,2331,0.542909364
2331,2313,0.542909364
2313,2131,0.541215554
2131,2313,0.541215554
2324,2322,0.540940831
2322,2324,0.540940831
2122,2113,0.540825766
2113,2122,0.540825766
2333,2323,0.540146314
2323,2333,0.540146314
1332,1313,0.53992413
1313,1332,0.53992413
1312,1332,0.538655493
1332,1312,0.538655493
2133,2312,0.538601145
2312,2133,0.538601145
1322,1311,0.537449192
1311,1322,0.537449192
2123,134,0.536634065
134,2123,0.536634065
134,2132,0.535100992
2132,134,0.535100992
2323,2132,0.534819402
2132,2323,0.534819402
2133,2122,0.534670718
2122,2133,0.534670718
1312,1322,0.534094699
1322,1312,0.534094699
2112,2111,0.533739196
2111,2112,0.533739196
2322,2313,0.533555012
2313,2322,0.533555012
1313,1312,0.533507536
1312,1313,0.533507536
2332,2113,0.532974669
2113,2332,0.532974669
2333,2133,0.531720938
2133,2333,0.531720938
2131,2112,0.531162701
2112,2131,0.531162701
2124,2323,0.529892346
2323,2124,0.529892346
2331,2113,0.529463534
2113,2331,0.529463534
132,2132,0.528823038
2132,132,0.528823038
1323,1322,0.528104756
1322,1323,0.528104756
2131,2322,0.52606828
2322,2131,0.52606828
2324,2111,0.526030154
2111,2324,0.526030154
2322,2331,0.525305532
2331,2322,0.525305532
132,2332,0.524933881
2332,132,0.524933881
1313,1322,0.524582922
1322,1313,0.524582922
2331,132,0.523827957
132,2331,0.523827957
1312,1333,0.521956116
1333,1312,0.521956116
2113,2111,0.521579779
2111,2113,0.521579779
2332,2313,0.521329396
2313,2332,0.521329396
1331,1322,0.520573167
1322,1331,0.520573167
1324,1322,0.520565958
1322,1324,0.520565958
2124,134,0.520448472
134,2124,0.520448472
132,2124,0.519151826
2124,132,0.519151826
2113,2324,0.518880419
2324,2113,0.518880419
1333,1313,0.518641299
1313,1333,0.518641299
2322,2332,0.517900306
2332,2322,0.517900306
2333,2111,0.51641253
2111,2333,0.51641253
1332,1324,0.515748096
1324,1332,0.515748096
1324,1333,0.515237059
1333,1324,0.515237059
2112,2122,0.514846067
2122,2112,0.514846067
2324,132,0.511744931
132,2324,0.511744931
2331,134,0.5113921
134,2331,0.5113921
1333,1311,0.511336169
1311,1333,0.511336169
2112,2331,0.510492996
2331,2112,0.510492996
2112,2313,0.508492693
2313,2112,0.508492693
2122,2111,0.508193039
2111,2122,0.508193039
2133,2313,0.508105503
2313,2133,0.508105503
2113,2112,0.503653768
2112,2113,0.503653768
2332,2112,0.503285698
2112,2332,0.503285698
1332,1322,0.502179092
1322,1332,0.502179092
132,2333,0.501956893
2333,132,0.501956893
2322,2122,0.501796149
2122,2322,0.501796149
2131,132,0.500667351
132,2131,0.500667351
134,2324,0.500039656
2324,134,0.500039656
2112,134,0.497510413
134,2112,0.497510413
2112,2333,0.497480417
2333,2112,0.497480417
2112,2324,0.49745862
2324,2112,0.49745862
2133,2323,0.497421728
2323,2133,0.497421728
2113,2333,0.49669783
2333,2113,0.49669783
1234,1214,0.496683549
1214,1234,0.496683549
2131,134,0.494449112
134,2131,0.494449112
2133,2331,0.493375022
2331,2133,0.493375022
2133,2112,0.49333743
2112,2133,0.49333743
2322,2111,0.493031557
2111,2322,0.493031557
1221,1225,0.492872024
1225,1221,0.492872024
1214,1215,0.492575038
1215,1214,0.492575038
2122,132,0.492100619
132,2122,0.492100619
2324,2133,0.491579474
2133,2324,0.491579474
2313,132,0.491304649
132,2313,0.491304649
1225,1214,0.491148056
1214,1225,0.491148056
1332,1333,0.490224884
1333,1332,0.490224884
2322,134,0.490010326
134,2322,0.490010326
2333,134,0.487858678
134,2333,0.487858678
2323,2322,0.486442282
2322,2323,0.486442282
1234,1225,0.484316354
1225,1234,0.484316354
1215,1221,0.48418378
1221,1215,0.48418378
2322,2112,0.483701261
2112,2322,0.483701261
2313,2323,0.483614935
2323,2313,0.483614935
2312,2322,0.483581036
2322,2312,0.483581036
2123,233,0.483480133
233,2123,0.483480133
2332,2133,0.483026933
2133,2332,0.483026933
2111,2323,0.482691005
2323,2111,0.482691005
134,2312,0.481870539
2312,134,0.481870539
1214,1221,0.479785115
1221,1214,0.479785115
1333,1331,0.478952534
1331,1333,0.478952534
2113,132,0.477456569
132,2113,0.477456569
2323,2112,0.477040241
2112,2323,0.477040241
2123,1311,0.474649811
1311,2123,0.474649811
2311,1312,0.474131489
1312,2311,0.474131489
2123,1323,0.473658989
1323,2123,0.473658989
1234,1235,0.468422311
1235,1234,0.468422311
2323,2312,0.467190226
2312,2323,0.467190226
1215,1225,0.467168552
1225,1215,0.467168552
2132,1312,0.466777999
1312,2132,0.466777999
2322,2333,0.4663072
2333,2322,0.4663072
134,2122,0.46577826
2122,134,0.46577826
2311,1311,0.465745647
1311,2311,0.465745647
2113,2322,0.465121503
2322,2113,0.465121503
1234,1215,0.46402469
1215,1234,0.46402469
132,2312,0.463853908
2312,132,0.463853908
2132,1313,0.461015477
1313,2132,0.461015477
2111,132,0.460901459
132,2111,0.460901459
1215,1235,0.460686845
1235,1215,0.460686845
1234,1221,0.46060085
1221,1234,0.46060085
2323,2113,0.460436287
2113,2323,0.460436287
1312,2124,0.459799014
2124,1312,0.459799014
1235,1214,0.457879641
1214,1235,0.457879641
2112,132,0.457196035
132,2112,0.457196035
1331,2123,0.455797358
2123,1331,0.455797358
2324,1311,0.455569817
1311,2324,0.455569817
2311,233,0.455277579
233,2311,0.455277579
2123,1312,0.454287254
1312,2123,0.454287254
2111,2313,0.454097365
2313,2111,0.454097365
2331,1323,0.453487183
1323,2331,0.453487183
2133,2113,0.452411844
2113,2133,0.452411844
2313,134,0.451894116
134,2313,0.451894116
2132,1311,0.451891614
1311,2132,0.451891614
2132,1323,0.450287726
1323,2132,0.450287726
2111,2133,0.449864768
2133,2111,0.449864768
2324,1323,0.449839294
1323,2324,0.449839294
1225,1235,0.449192779
1235,1225,0.449192779
1925,1934,0.448825834
1934,1925,0.448825834
2311,1323,0.447750159
1323,2311,0.447750159
134,2111,0.446626864
2111,134,0.446626864
2124,1311,0.446547368
1311,2124,0.446547368
2311,1313,0.446354483
1313,2311,0.446354483
1915,1914,0.445326116
1914,1915,0.445326116
1925,1914,0.44499921
1914,1925,0.44499921
132,2322,0.443959314
2322,132,0.443959314
2124,1323,0.440260752
1323,2124,0.440260752
1221,1235,0.440103123
1235,1221,0.440103123
2124,1331,0.439475508
1331,2124,0.439475508
1333,1322,0.43940726
1322,1333,0.43940726
134,2332,0.438969193
2332,134,0.438969193
134,2113,0.436792626
2113,134,0.436792626
1331,2132,0.435663642
2132,1331,0.435663642
225,1914,0.434078112
1914,225,0.434078112
1313,2123,0.43240992
2123,1313,0.43240992
1312,2122,0.431748227
2122,1312,0.431748227
1331,2311,0.429661892
2311,1331,0.429661892
2133,2322,0.429043944
2322,2133,0.429043944
1313,2312,0.428617123
2312,1313,0.428617123
233,2333,0.428606805
2333,233,0.428606805
2133,1312,0.427886026
1312,2133,0.427886026
1324,2123,0.425746087
2123,1324,0.425746087
1323,2332,0.425627958
2332,1323,0.425627958
1311,2331,0.425478373
2331,1311,0.425478373
233,2132,0.424125666
2132,233,0.424125666
2133,132,0.423031001
132,2133,0.423031001
1312,2313,0.422434433
2313,1312,0.422434433
1935,1914,0.419142141
1914,1935,0.419142141
1324,2122,0.418574875
2122,1324,0.418574875
1313,2124,0.418190143
2124,1313,0.418190143
132,2323,0.417091289
2323,132,0.417091289
1324,2311,0.416743064
2311,1324,0.416743064
1312,2112,0.415710425
2112,1312,0.415710425
1312,2131,0.415434749
2131,1312,0.415434749
2332,233,0.414391534
233,2332,0.414391534
2324,1312,0.414241374
1312,2324,0.414241374
1313,2122,0.413119589
2122,1313,0.413119589
2324,233,0.413048612
233,2324,0.413048612
2324,1331,0.41292663
1331,2324,0.41292663
1934,1914,0.412629638
1914,1934,0.412629638
2323,134,0.41262792
134,2323,0.41262792
1311,2122,0.412275357
2122,1311,0.412275357
1311,2112,0.411990069
2112,1311,0.411990069
2124,233,0.411333629
233,2124,0.411333629
233,2312,0.410910572
2312,233,0.410910572
2311,1333,0.41034527
1333,2311,0.41034527
2313,1313,0.410326012
1313,2313,0.410326012
1324,2124,0.409422253
2124,1324,0.409422253
1324,2331,0.409053534
2331,1324,0.409053534
215,1914,0.409019354
1914,215,0.409019354
233,2122,0.408714229
2122,233,0.408714229
1333,2331,0.408573405
2331,1333,0.408573405
1311,2332,0.407617906
2332,1311,0.407617906
1311,2312,0.407468803
2312,1311,0.407468803
2331,233,0.406994604
233,2331,0.406994604
1935,1934,0.406535367
1934,1935,0.406535367
2313,1311,0.406329631
1311,2313,0.406329631
134,132,0.405786929
132,134,0.405786929
1323,2122,0.405216453
2122,1323,0.405216453
2312,1312,0.405081377
1312,2312,0.405081377
2333,1311,0.404298533
1311,2333,0.404298533
2311,1322,0.403731909
1322,2311,0.403731909
2324,1324,0.403201903
1324,2324,0.403201903
233,2112,0.402681664
2112,233,0.402681664
1331,2131,0.402271046
2131,1331,0.402271046
134,2133,0.402153987
2133,134,0.402153987
1324,2332,0.40198949
2332,1324,0.40198949
1925,1935,0.400540298
1935,1925,0.400540298
1324,2132,0.399861316
2132,1324,0.399861316
1331,2122,0.398089338
2122,1331,0.398089338
2312,1323,0.398077669
1323,2312,0.398077669
1324,2313,0.397792369
2313,1324,0.397792369
1312,2333,0.396835636
2333,1312,0.396835636
2112,1313,0.395643924
1313,2112,0.395643924
1331,2331,0.395642887
2331,1331,0.395642887
1324,2312,0.394619006
2312,1324,0.394619006
233,2131,0.394500923
2131,233,0.394500923
2331,1312,0.394293714
1312,2331,0.394293714
2322,1323,0.393633659
1323,2322,0.393633659
2332,1331,0.393535591
1331,2332,0.393535591
1915,1935,0.392931284
1935,1915,0.392931284
2111,233,0.392122411
233,2111,0.392122411
2332,1312,0.391775544
1312,2332,0.391775544
2324,1333,0.391648951
1333,2324,0.391648951
2311,1332,0.391306155
1332,2311,0.391306155
2312,1331,0.3910995
1331,2312,0.3910995
2113,1311,0.390594991
1311,2113,0.390594991
2333,1313,0.390407763
1313,2333,0.390407763
2132,1333,0.389930037
1333,2132,0.389930037
911,2123,0.389571246
2123,911,0.389571246
1311,2131,0.389565159
2131,1311,0.389565159
1324,2111,0.389366997
2111,1324,0.389366997
1333,2123,0.388799092
2123,1333,0.388799092
1313,2332,0.388754864
2332,1313,0.388754864
2123,1332,0.388730143
1332,2123,0.388730143
1333,2333,0.388212336
2333,1333,0.388212336
1333,2124,0.387045632
2124,1333,0.387045632
2113,1323,0.387027399
1323,2113,0.387027399
132,1311,0.387010221
1311,132,0.387010221
2113,1313,0.386839299
1313,2113,0.386839299
2131,1313,0.386434
1313,2131,0.386434
1323,2112,0.384849758
2112,1323,0.384849758
1312,2113,0.384347956
2113,1312,0.384347956
1934,225,0.38418073
225,1934,0.38418073
2112,1324,0.38408059
1324,2112,0.38408059
2131,1323,0.383553726
1323,2131,0.383553726
1312,2322,0.383429871
2322,1312,0.383429871
1331,2313,0.383264684
2313,1331,0.383264684
2313,1333,0.382186838
1333,2313,0.382186838
1333,2332,0.382157638
2332,1333,0.382157638
2113,233,0.381920533
233,2113,0.381920533
1914,121,0.38189078
121,1914,0.38189078
1323,2333,0.381512686
2333,1323,0.381512686
2111,1333,0.380656283
1333,2111,0.380656283
1313,2111,0.37999581
2111,1313,0.37999581
2131,1324,0.379346003
1324,2131,0.379346003
1232,1234,0.378435132
1234,1232,0.378435132
2122,1333,0.378042202
1333,2122,0.378042202
2323,1311,0.377883818
1311,2323,0.377883818
1211,1331,0.376641695
1331,1211,0.376641695
2333,1331,0.37644623
1331,2333,0.37644623
2112,1331,0.37512138
1331,2112,0.37512138
233,1311,0.374777747
1311,233,0.374777747
1313,2331,0.374567628
2331,1313,0.374567628
2133,1313,0.374297218
1313,2133,0.374297218
2331,911,0.37360483
911,2331,0.37360483
1312,132,0.372654245
132,1312,0.372654245
2132,1332,0.372553922
1332,2132,0.372553922
2111,1323,0.372208597
1323,2111,0.372208597
132,1331,0.371686869
1331,132,0.371686869
1323,2323,0.371544012
2323,1323,0.371544012
2113,1324,0.370632232
1324,2113,0.370632232
233,2322,0.369213907
2322,233,0.369213907
2324,1313,0.369104765
1313,2324,0.369104765
233,132,0.367994812
132,233,0.367994812
1915,1925,0.367688733
1925,1915,0.367688733
1915,1934,0.367203991
1934,1915,0.367203991
1925,121,0.367119276
121,1925,0.367119276
2313,1323,0.366786064
1323,2313,0.366786064
2322,1324,0.366605146
1324,2322,0.366605146
911,2124,0.366481059
2124,911,0.366481059
911,2333,0.366032379
2333,911,0.366032379
911,2122,0.365153503
2122,911,0.365153503
1331,2113,0.365128113
2113,1331,0.365128113
121,225,0.364777598
225,121,0.364777598
1333,2112,0.36442346
2112,1333,0.36442346
1322,2123,0.364319358
2123,1322,0.364319358
1311,2111,0.36422616
2111,1311,0.36422616
132,1313,0.364006591
1313,132,0.364006591
225,215,0.362798959
215,225,0.362798959
134,233,0.362709275
233,134,0.362709275
2132,1322,0.362562573
1322,2132,0.362562573
1332,2333,0.361622279
2333,1332,0.361622279
1311,2133,0.36099029
2133,1311,0.36099029
1925,215,0.359028728
215,1925,0.359028728
1311,1211,0.358481842
1211,1311,0.358481842
1324,2323,0.358080658
2323,1324,0.358080658
1214,1232,0.358033566
1232,1214,0.358033566
2313,233,0.357693175
233,2313,0.357693175
1914,235,0.357314545
235,1914,0.357314545
1331,2322,0.357277313
2322,1331,0.357277313
911,2132,0.356758707
2132,911,0.356758707
2311,911,0.355892112
911,2311,0.355892112
1935,215,0.355372554
215,1935,0.355372554
2122,1332,0.355131401
1332,2122,0.355131401
2124,1332,0.355113149
1332,2124,0.355113149
1211,1313,0.35451943
1313,1211,0.35451943
2323,1312,0.353951394
1312,2323,0.353951394
1935,225,0.35375305
225,1935,0.35375305
2312,1333,0.353686158
1333,2312,0.353686158
2333,1324,0.353619797
1324,2333,0.353619797
1312,2111,0.352659236
2111,1312,0.352659236
121,1935,0.351380391
1935,121,0.351380391
1324,132,0.35133588
132,1324,0.35133588
2133,1331,0.350697391
1331,2133,0.350697391
1211,1323,0.350391003
1323,1211,0.350391003
2131,1333,0.350360363
1333,2131,0.350360363
121,1934,0.350087615
1934,121,0.350087615
2332,911,0.349716711
911,2332,0.349716711
1921,1934,0.348323751
1934,1921,0.348323751
1934,215,0.347824342
215,1934,0.347824342
2312,1332,0.347435086
1332,2312,0.347435086
1333,132,0.347240689
132,1333,0.347240689
2324,911,0.346491275
911,2324,0.346491275
134,1312,0.346366237
1312,134,0.346366237
2322,1311,0.345588796
1311,2322,0.345588796
1332,2112,0.345562358
2112,1332,0.345562358
1313,2323,0.344732779
2323,1313,0.344732779
134,1313,0.344569132
1313,134,0.344569132
1322,2131,0.344468705
2131,1322,0.344468705
1232,1221,0.344348995
1221,1232,0.344348995
2332,1322,0.344176698
1322,2332,0.344176698
2312,911,0.343858198
911,2312,0.343858198
1331,134,0.34362727
134,1331,0.34362727
2313,911,0.34358471
911,2313,0.34358471
1925,225,0.343306225
225,1925,0.343306225
1322,2324,0.343180146
2324,1322,0.343180146
1323,2133,0.343083961
2133,1323,0.343083961
121,1915,0.343008649
1915,121,0.343008649
1333,2133,0.342499107
2133,1333,0.342499107
1333,2113,0.342392939
2113,1333,0.342392939
2331,1932,0.341416473
1932,2331,0.341416473
1333,134,0.341156667
134,1333,0.341156667
1924,1831,0.341077069
1831,1924,0.341077069
1225,1232,0.341070143
1232,1225,0.341070143
2133,233,0.341022498
233,2133,0.341022498
2313,1332,0.340557327
1332,2313,0.340557327
2323,1333,0.340200509
1333,2323,0.340200509
225,1915,0.339805211
1915,225,0.339805211
1323,134,0.336934279
134,1323,0.336934279
825,2123,0.335674214
2123,825,0.335674214
112,1914,0.335053981
1914,112,0.335053981
134,1311,0.334522169
1311,134,0.334522169
2331,1332,0.333814411
1332,2331,0.333814411
1313,2322,0.333753887
2322,1313,0.333753887
233,2323,0.333642491
2323,233,0.333642491
1331,2111,0.333334845
2111,1331,0.333334845
132,1323,0.332659344
1323,132,0.332659344
1322,2124,0.331976508
2124,1322,0.331976508
2113,1332,0.331792983
1332,2113,0.331792983
231,1925,0.33078833
1925,231,0.33078833
1313,233,0.330495783
233,1313,0.330495783
1235,1232,0.329635851
1232,1235,0.329635851
1332,2332,0.329573756
2332,1332,0.329573756
1914,231,0.329264603
231,1914,0.329264603
2131,911,0.32925787
911,2131,0.32925787
1323,233,0.329007633
233,1323,0.329007633
2131,825,0.328587451
825,2131,0.328587451
235,215,0.328056011
215,235,0.328056011
825,1311,0.326969007
1311,825,0.326969007
1935,235,0.326345697
235,1935,0.326345697
2132,825,0.324862747
825,2132,0.324862747
2324,1932,0.324576937
1932,2324,0.324576937
212,1914,0.323830598
1914,212,0.323830598
1215,1232,0.323766364
1232,1215,0.323766364
911,2112,0.323385139
2112,911,0.323385139
2111,911,0.323273737
911,2111,0.323273737
2312,1322,0.322780283
1322,2312,0.322780283
911,2113,0.322471991
2113,911,0.322471991
1333,2322,0.322210254
2322,1333,0.322210254
1921,1914,0.322103664
1914,1921,0.322103664
1324,2133,0.322029367
2133,1324,0.322029367
1312,1211,0.321912684
1211,1312,0.321912684
1211,1324,0.321232424
1324,1211,0.321232424
2111,825,0.320920904
825,2111,0.320920904
1312,233,0.320649575
233,1312,0.320649575
1331,233,0.320595493
233,1331,0.320595493
2111,1322,0.320514461
1322,2111,0.320514461
2122,1322,0.319674593
1322,2122,0.319674593
1331,2323,0.319471875
2323,1331,0.319471875
1924,1925,0.319278976
1925,1924,0.319278976
235,1925,0.318751974
1925,235,0.318751974
1332,2111,0.318634461
2111,1332,0.318634461
134,1324,0.318466025
1324,134,0.318466025
1212,1323,0.317684261
1323,1212,0.317684261
2333,1322,0.317556395
1322,2333,0.317556395
1925,1921,0.316939498
1921,1925,0.316939498
1921,225,0.316769224
225,1921,0.316769224
1322,2113,0.316072499
2113,1322,0.316072499
1322,2133,0.315413593
2133,1322,0.315413593
1934,235,0.315055541
235,1934,0.315055541
911,134,0.314527385
134,911,0.314527385
825,2311,0.313994663
2311,825,0.313994663
212,1934,0.312858305
1934,212,0.312858305
1332,2324,0.312855938
2324,1332,0.312855938
1322,2331,0.312763498
2331,1322,0.312763498
2313,1322,0.312644819
1322,2313,0.312644819
1932,2332,0.312493655
2332,1932,0.312493655
1324,233,0.312428367
233,1324,0.312428367
1211,1332,0.312232466
1332,1211,0.312232466
2131,1332,0.311804495
1332,2131,0.311804495
2311,1932,0.311514025
1932,2311,0.311514025
1935,1921,0.311443779
1921,1935,0.311443779
1431,1323,0.311033403
1323,1431,0.311033403
121,215,0.310557539
215,121,0.310557539
911,2322,0.310413759
2322,911,0.310413759
825,1331,0.310029981
1331,825,0.310029981
1932,2123,0.308752607
2123,1932,0.308752607
832,1323,0.308436193
1323,832,0.308436193
1332,2133,0.307849614
2133,1332,0.307849614
2133,911,0.307162829
911,2133,0.307162829
132,1322,0.305588311
1322,132,0.305588311
2333,825,0.305503772
825,2333,0.305503772
2132,1932,0.305461569
1932,2132,0.305461569
912,2312,0.304347727
2312,912,0.304347727
1211,1322,0.304037592
1322,1211,0.304037592
2124,825,0.303840674
825,2124,0.303840674
231,1935,0.303739293
1935,231,0.303739293
1331,832,0.303652495
832,1331,0.303652495
225,231,0.303565393
231,225,0.303565393
121,1921,0.30345795
1921,121,0.30345795
235,121,0.303102439
121,235,0.303102439
2123,912,0.303037387
912,2123,0.303037387
1923,1924,0.302708192
1924,1923,0.302708192
1322,2112,0.302488045
2112,1322,0.302488045
1323,825,0.301735372
825,1323,0.301735372
215,212,0.301072618
212,215,0.301072618
235,1915,0.300999613
1915,235,0.300999613
1324,825,0.300560698
825,1324,0.300560698
2311,912,0.300321849
912,2311,0.300321849
825,2324,0.300005871
2324,825,0.300005871
1921,1915,0.298004338
1915,1921,0.298004338
825,2312,0.297993045
2312,825,0.297993045
1332,2322,0.297875007
2322,1332,0.297875007
212,1925,0.297334366
1925,212,0.297334366
112,225,0.297091885
225,112,0.297091885
911,1333,0.296427872
1333,911,0.296427872
1311,832,0.296218975
832,1311,0.296218975
1935,212,0.295667039
212,1935,0.295667039
2322,1322,0.295315912
1322,2322,0.295315912
1323,911,0.295037679
911,1323,0.295037679
2122,1932,0.294691781
1932,2122,0.294691781
1332,134,0.294433633
134,1332,0.294433633
911,2323,0.294001849
2323,911,0.294001849
1324,911,0.293613074
911,1324,0.293613074
1915,231,0.293447059
231,1915,0.293447059
1221,225,0.293357869
225,1221,0.293357869
1832,1323,0.293323123
1323,1832,0.293323123
1915,212,0.292642465
212,1915,0.292642465
231,1934,0.292511558
1934,231,0.292511558
1332,132,0.292341475
132,1332,0.292341475
2313,825,0.292176355
825,2313,0.292176355
225,212,0.291827808
212,225,0.291827808
1523,1331,0.291560216
1331,1523,0.291560216
1935,114,0.291445445
114,1935,0.291445445
233,911,0.291204129
911,233,0.291204129
132,911,0.291122979
911,132,0.291122979
231,215,0.289858997
215,231,0.289858997
1932,2131,0.289497172
2131,1932,0.289497172
121,212,0.289432226
212,121,0.289432226
225,235,0.288843544
235,225,0.288843544
1211,1333,0.288387683
1333,1211,0.288387683
1312,825,0.288374174
825,1312,0.288374174
424,1311,0.288232416
1311,424,0.288232416
825,132,0.286776301
132,825,0.286776301
112,1915,0.286361617
1915,112,0.286361617
1914,114,0.286300551
114,1914,0.286300551
112,121,0.28580455
121,112,0.28580455
1323,935,0.285724304
935,1323,0.285724304
225,1225,0.28564977
1225,225,0.28564977
233,1322,0.285072615
1322,233,0.285072615
2112,912,0.285059421
912,2112,0.285059421
1332,2323,0.284551684
2323,1332,0.284551684
215,1915,0.284276172
1915,215,0.284276172
212,235,0.283285845
235,212,0.283285845
1333,233,0.283005773
233,1333,0.283005773
1921,235,0.280619698
235,1921,0.280619698
832,1313,0.280440593
1313,832,0.280440593
2124,912,0.27933276
912,2124,0.27933276
1323,1923,0.279213995
1923,1323,0.279213995
1322,134,0.27834482
134,1322,0.27834482
911,1311,0.278285838
1311,911,0.278285838
2313,912,0.277898671
912,2313,0.277898671
1934,114,0.277862424
114,1934,0.277862424
2324,912,0.277240317
912,2324,0.277240317
1332,825,0.276220592
825,1332,0.276220592
2131,912,0.275681488
912,2131,0.275681488
911,1313,0.275274669
1313,911,0.275274669
233,1332,0.275261947
1332,233,0.275261947
2331,912,0.274972223
912,2331,0.274972223
825,1313,0.274728969
1313,825,0.274728969
1932,2333,0.274589085
2333,1932,0.274589085
114,1915,0.274343088
1915,114,0.274343088
1311,935,0.274277465
935,1311,0.274277465
832,1322,0.273535289
1322,832,0.273535289
2122,825,0.273001752
825,2122,0.273001752
912,2122,0.271903603
2122,912,0.271903603
831,1311,0.270909518
1311,831,0.270909518
825,2331,0.270830008
2331,825,0.270830008
121,231,0.270403594
231,121,0.270403594
2111,1932,0.269987575
1932,2111,0.269987575
1212,1324,0.26974657
1324,1212,0.26974657
1323,831,0.269409758
831,1323,0.269409758
1932,2124,0.269404156
2124,1932,0.269404156
2113,825,0.269372304
825,2113,0.269372304
321,1322,0.269326207
1322,321,0.269326207
1311,1422,0.268369908
1422,1311,0.268369908
231,235,0.268329404
235,231,0.268329404
1215,121,0.267869222
121,1215,0.267869222
1215,225,0.267815681
225,1215,0.267815681
2323,1322,0.267555284
1322,2323,0.267555284
215,112,0.266763863
112,215,0.266763863
2133,825,0.266722419
825,2133,0.266722419
1324,832,0.266101136
832,1324,0.266101136
935,1313,0.265778443
1313,935,0.265778443
1313,714,0.265577221
714,1313,0.265577221
912,2333,0.265513125
2333,912,0.265513125
1312,832,0.265055871
832,1312,0.265055871
912,2133,0.264402107
2133,912,0.264402107
735,1313,0.264188025
1313,735,0.264188025
1135,1323,0.26397321
1323,1135,0.26397321
1324,831,0.263835047
831,1324,0.263835047
1234,225,0.263689678
225,1234,0.263689678
1235,1914,0.263380824
1914,1235,0.263380824
912,1311,0.263247221
1311,912,0.263247221
225,1235,0.263201315
1235,225,0.263201315
1221,1914,0.263148843
1914,1221,0.263148843
831,1331,0.263076293
1331,831,0.263076293
1331,935,0.262997721
935,1331,0.262997721
1312,911,0.262695426
911,1312,0.262695426
1235,121,0.262690494
121,1235,0.262690494
1433,1323,0.262605408
1323,1433,0.262605408
114,225,0.262426232
225,114,0.262426232
512,1312,0.262194092
1312,512,0.262194092
1311,2433,0.261579672
2433,1311,0.261579672
914,2331,0.261517817
2331,914,0.261517817
1312,421,0.261133045
421,1312,0.261133045
1914,1234,0.261121332
1234,1914,0.261121332
2132,912,0.261078805
912,2132,0.261078805
212,1921,0.260799837
1921,212,0.260799837
233,825,0.260795565
825,233,0.260795565
2312,1932,0.260362532
1932,2312,0.260362532
1431,1324,0.259806751
1324,1431,0.259806751
121,114,0.259736451
114,121,0.259736451
1323,1422,0.259483981
1422,1323,0.259483981
1923,1331,0.259372668
1331,1923,0.259372668
911,1331,0.258927797
1331,911,0.258927797
1135,1311,0.258880936
1311,1135,0.258880936
911,1332,0.257928648
1332,911,0.257928648
1311,423,0.257796205
423,1311,0.257796205
1313,912,0.257727818
912,1313,0.257727818
212,231,0.257710325
231,212,0.257710325
2323,1932,0.257575962
1932,2323,0.257575962
825,2332,0.257487852
2332,825,0.257487852
912,2332,0.257330432
2332,912,0.257330432
1932,132,0.257244843
132,1932,0.257244843
1311,1523,0.256852465
1523,1311,0.256852465
1324,321,0.256626507
321,1324,0.256626507
2331,1923,0.256363911
1923,2331,0.256363911
1324,935,0.256349263
935,1324,0.256349263
1433,2331,0.256132959
2331,1433,0.256132959
912,1323,0.256090856
1323,912,0.256090856
2322,825,0.256047886
825,2322,0.256047886
825,1322,0.255590229
1322,825,0.255590229
1422,1331,0.255357586
1331,1422,0.255357586
1211,2311,0.254723576
2311,1211,0.254723576
1924,1935,0.25454298
1935,1924,0.25454298
1921,215,0.254499786
215,1921,0.254499786
1331,823,0.254466865
823,1331,0.254466865
1312,935,0.254303091
935,1312,0.254303091
1333,1212,0.254207497
1212,1333,0.254207497
1214,121,0.254150388
121,1214,0.254150388
2112,825,0.254124908
825,2112,0.254124908
714,1311,0.254032769
1311,714,0.254032769
2132,832,0.253988691
832,2132,0.253988691
114,215,0.253918304
215,114,0.253918304
112,1935,0.253637755
1935,112,0.253637755
1311,313,0.253629048
313,1311,0.253629048
1433,1324,0.25345011
1324,1433,0.25345011
1214,225,0.253256471
225,1214,0.253256471
1932,134,0.253064422
134,1932,0.253064422
1214,1914,0.252987809
1914,1214,0.252987809
2311,831,0.25283569
831,2311,0.25283569
1331,1135,0.252608976
1135,1331,0.252608976
112,1934,0.252570647
1934,112,0.252570647
825,1333,0.252209344
1333,825,0.252209344
112,235,0.252079429
235,112,0.252079429
1932,1323,0.252031962
1323,1932,0.252031962
1523,1312,0.251765671
1312,1523,0.251765671
714,1331,0.25159487
1331,714,0.25159487
1332,424,0.25155176
424,1332,0.25155176
1311,823,0.251191196
823,1311,0.251191196
2322,1932,0.25095282
1932,2322,0.25095282
2131,832,0.250948567
832,2131,0.250948567
1311,1923,0.250734071
1923,1311,0.250734071
713,1311,0.250704433
1311,713,0.250704433
1422,1312,0.250686081
1312,1422,0.250686081
1214,1934,0.250618949
1934,1214,0.250618949
1225,1914,0.250493142
1914,1225,0.250493142
2311,935,0.25007136
935,2311,0.25007136
112,231,0.24985724
231,112,0.24985724
2331,935,0.249823323
935,2331,0.249823323
2123,1523,0.249772455
1523,2123,0.249772455
1431,1333,0.249741348
1333,1431,0.249741348
1215,1925,0.249685025
1925,1215,0.249685025
1312,713,0.249514864
713,1312,0.249514864
831,2331,0.249455956
2331,831,0.249455956
2324,831,0.249262027
831,2324,0.249262027
1311,512,0.2487728
512,1311,0.2487728
935,2123,0.248760582
2123,935,0.248760582
611,2311,0.248655766
2311,611,0.248655766
2131,2233,0.248149578
2233,2131,0.248149578
121,1234,0.247953879
1234,121,0.247953879
321,1323,0.247588934
1323,321,0.247588934
912,1312,0.247476972
1312,912,0.247476972
1234,215,0.247320058
215,1234,0.247320058
1924,1824,0.24727
1824,1924,0.24727
912,2322,0.247031037
2322,912,0.247031037
1323,2535,0.246868787
2535,1323,0.246868787
2313,1523,0.246319123
1523,2313,0.246319123
1935,1234,0.245646444
1234,1935,0.245646444
735,2131,0.245487519
2131,735,0.245487519
1431,2331,0.24545387
2331,1431,0.24545387
1935,1214,0.24544849
1214,1935,0.24544849
423,1332,0.245347527
1332,423,0.245347527
1311,2535,0.245167064
2535,1311,0.245167064
914,2131,0.244683939
2131,914,0.244683939
114,1925,0.244667999
1925,114,0.244667999
1322,935,0.244580556
935,1322,0.244580556
1323,823,0.243993548
823,1323,0.243993548
1924,1934,0.243877968
1934,1924,0.243877968
1313,726,0.243776629
726,1313,0.243776629
2111,912,0.243733646
912,2111,0.243733646
1331,2535,0.243707515
2535,1331,0.243707515
1923,1832,0.243482091
1832,1923,0.243482091
832,233,0.243409189
233,832,0.243409189
121,1221,0.243387837
1221,121,0.243387837
2313,1932,0.243255723
1932,2313,0.243255723
1924,1832,0.243229897
1832,1924,0.243229897
2132,1211,0.242960636
1211,2132,0.242960636
215,1221,0.242874188
1221,215,0.242874188
1311,813,0.242869481
813,1311,0.242869481
912,2323,0.242731061
2323,912,0.242731061
2433,1323,0.242443757
1323,2433,0.242443757
1311,1431,0.242432025
1431,1311,0.242432025
1331,1431,0.242379722
1431,1331,0.242379722
1235,1935,0.242017789
1935,1235,0.242017789
2111,832,0.241898768
832,2111,0.241898768
1433,2324,0.241627103
2324,1433,0.241627103
1824,1831,0.241156821
1831,1824,0.241156821
912,2113,0.241077831
2113,912,0.241077831
2123,831,0.241031568
831,2123,0.241031568
322,1331,0.24100943
1331,322,0.24100943
2312,1211,0.240933721
1211,2312,0.240933721
611,1311,0.240859711
1311,611,0.240859711
1313,1422,0.240678411
1422,1313,0.240678411
611,1331,0.240540986
1331,611,0.240540986
313,1323,0.239660951
1323,313,0.239660951
1313,2532,0.239567015
2532,1313,0.239567015
1331,813,0.239551743
813,1331,0.239551743
1312,423,0.23951452
423,1312,0.23951452
1215,1914,0.239235247
1914,1215,0.239235247
1331,1932,0.239233629
1932,1331,0.239233629
914,2324,0.239064353
2324,914,0.239064353
823,2331,0.238719785
2331,823,0.238719785
2324,832,0.238634436
832,2324,0.238634436
2313,914,0.238556941
914,2313,0.238556941
1331,321,0.238496344
321,1331,0.238496344
1312,2532,0.238492439
2532,1312,0.238492439
1332,912,0.238214653
912,1332,0.238214653
1523,2311,0.23796313
2311,1523,0.23796313
914,1311,0.237919212
1311,914,0.237919212
1523,1323,0.237895905
1323,1523,0.237895905
1433,2123,0.237886196
2123,1433,0.237886196
2113,1932,0.237852394
1932,2113,0.237852394
1311,1832,0.237800649
1832,1311,0.237800649
831,1312,0.237640542
1312,831,0.237640542
2324,1431,0.237437446
1431,2324,0.237437446
1312,1821,0.237429271
1821,1312,0.237429271
1935,1215,0.237406416
1215,1935,0.237406416
1832,1324,0.237371301
1324,1832,0.237371301
2112,1211,0.237370102
1211,2112,0.237370102
2123,1211,0.237035186
1211,2123,0.237035186
1333,1433,0.236867501
1433,1333,0.236867501
726,1311,0.236849213
1311,726,0.236849213
1333,935,0.236635295
935,1333,0.236635295
1225,215,0.236590218
215,1225,0.236590218
424,1313,0.236361401
1313,424,0.236361401
2233,2123,0.236276968
2123,2233,0.236276968
1211,2113,0.236221749
2113,1211,0.236221749
831,2112,0.236182878
2112,831,0.236182878
823,2132,0.236097191
2132,823,0.236097191
1332,831,0.2359397
831,1332,0.2359397
1324,914,0.235876971
914,1324,0.235876971
714,1312,0.235792896
1312,714,0.235792896
2433,1331,0.23576207
1331,2433,0.23576207
322,1311,0.235645022
1311,322,0.235645022
1821,1323,0.235573608
1323,1821,0.235573608
1925,1235,0.235546678
1235,1925,0.235546678
2311,2233,0.235428468
2233,2311,0.235428468
1135,1313,0.235389211
1313,1135,0.235389211
2332,1923,0.235366265
1923,2332,0.235366265
1523,1324,0.235339677
1324,1523,0.235339677
2433,1333,0.235223787
1333,2433,0.235223787
714,1323,0.235172536
1323,714,0.235172536
2131,935,0.235090473
935,2131,0.235090473
112,1925,0.234764779
1925,112,0.234764779
1313,512,0.23470246
512,1313,0.23470246
2535,1324,0.234690035
1324,2535,0.234690035
1312,2433,0.234688873
2433,1312,0.234688873
1934,1225,0.234675725
1225,1934,0.234675725
831,1322,0.23467467
1322,831,0.23467467
823,1324,0.234629668
1324,823,0.234629668
1523,2132,0.23462118
2132,1523,0.23462118
1324,2433,0.234577874
2433,1324,0.234577874
2233,2124,0.234403649
2124,2233,0.234403649
813,1313,0.23406382
1313,813,0.23406382
1433,2131,0.234005538
2131,1433,0.234005538
1312,1932,0.2339385
1932,1312,0.2339385
1312,1212,0.233932584
1212,1312,0.233932584
1313,2511,0.233778725
2511,1313,0.233778725
912,1324,0.233714276
1324,912,0.233714276
1821,1332,0.233587252
1332,1821,0.233587252
1433,2333,0.233512044
2333,1433,0.233512044
1333,1821,0.233395064
1821,1333,0.233395064
735,1331,0.23325944
1331,735,0.23325944
1323,424,0.233234041
424,1323,0.233234041
1324,1923,0.23320055
1923,1324,0.23320055
914,2332,0.233055212
2332,914,0.233055212
912,1333,0.232817854
1333,912,0.232817854
1225,1925,0.232295321
1925,1225,0.232295321
935,2324,0.232087381
2324,935,0.232087381
1332,726,0.231999167
726,1332,0.231999167
1323,2512,0.231921726
2512,1323,0.231921726
1225,121,0.231890562
121,1225,0.231890562
1322,911,0.231481264
911,1322,0.231481264
2324,1923,0.231234595
1923,2324,0.231234595
1312,1431,0.230980433
1431,1312,0.230980433
735,2311,0.230915493
2311,735,0.230915493
935,2124,0.230857534
2124,935,0.230857534
1311,2512,0.230813927
2512,1311,0.230813927
832,1333,0.230790821
1333,832,0.230790821
1523,1313,0.230752209
1313,1523,0.230752209
2133,1932,0.230727349
1932,2133,0.230727349
1312,1923,0.230496118
1923,1312,0.230496118
912,1331,0.230434717
1331,912,0.230434717
2311,122,0.230420312
122,2311,0.230420312
1332,2532,0.230333805
2532,1332,0.230333805
1312,523,0.230111547
523,1312,0.230111547
714,1322,0.230071361
1322,714,0.230071361
1312,2535,0.229989767
2535,1312,0.229989767
1433,2124,0.229927802
2124,1433,0.229927802
313,2132,0.229912417
2132,313,0.229912417
1332,1923,0.229829468
1923,1332,0.229829468
1323,914,0.229820354
914,1323,0.229820354
1323,2511,0.229791624
2511,1323,0.229791624
713,1332,0.229642871
1332,713,0.229642871
1821,1313,0.229631583
1313,1821,0.229631583
1214,1921,0.229606781
1921,1214,0.229606781
432,1311,0.229364597
1311,432,0.229364597
313,1312,0.229303844
1312,313,0.229303844
114,1234,0.229148076
1234,114,0.229148076
313,2324,0.229097545
2324,313,0.229097545
132,912,0.228957074
912,132,0.228957074
1324,1821,0.22864004
1821,1324,0.22864004
1431,1322,0.228614268
1322,1431,0.228614268
1932,1324,0.228567846
1324,1932,0.228567846
1323,522,0.228474639
522,1323,0.228474639
1732,1311,0.228208144
1311,1732,0.228208144
1933,1924,0.228169578
1924,1933,0.228169578
1423,1311,0.228166606
1311,1423,0.228166606
2323,825,0.228161266
825,2323,0.228161266
825,134,0.228052463
134,825,0.228052463
